4294967279,336
4294967279,154
4294967278,154
4294967279,152
4294967279,151
4294967279,147
4294967279,143
4294967279,142
4294967278,142
4294967279,133
4294967278,324
4294967279,519
4294967279,279
4294967279,280
4294967278,270
4294967278,285
4294967278,262
4294967278,340
4294967294,1424
4294967294,1426
26980,5
26980,4
4294967278,309
4294967278,124
4294967278,110
4294967278,98
4294967278,217
4294967278,300
4294967278,95
4294967278,297
4294967278,299
4294967278,78
4294967278,73
4294967278,72
4294967278,71
4294967278,385
4294967278,69
4294967278,430
4294967278,62
4294967278,295
4294967278,229
4294967278,381
4294967278,260
4294967279,368
4294967279,379
4294967279,378
4294967279,59
4294967279,273
4294967279,49
4294967279,562
4294967279,48
4294967279,317
4294967279,575
4294967279,45
4294967279,40
4294967279,534
4294967279,29
4294967279,21
4294967279,10
4294967279,290
4294967279,9
4294967278,367
26980,3
26980,2
26980,1
4294967294,115
4294967279,249
4294967279,245
4294967279,308
4294967279,243
4294967278,242
4294967279,291
26978,6
4294967279,235
26978,5
26978,4
26978,3
26978,2
26978,1
4294967279,541
4294967278,224
4294967279,223
4294967278,222
4294967279,545
4294967279,209
26975,8
4294967294,1413
4294967294,910
4294967294,915
4294967294,162
4294967294,389
4294967278,199
26975,7
26975,6
26975,5
26975,4
26975,3
26975,2
26975,1
4294967294,1415
4294967294,399
4294967294,178
4294967294,385
4294967294,420
4294967294,415
4294967294,398
4294967294,167
4294967294,444
4294967294,467
4294967294,455
4294967294,457
4294967294,408
4294967294,453
4294967294,463
4294967294,404
4294967278,225
4294967279,192
4294967279,191
4294967278,190
4294967294,165
4294967294,166
4294967294,490
4294967279,274
4294967279,61
4294967278,327
4294967278,392
4294967279,341
4294967294,1425
4294967278,325
4294967278,166
4294967279,269
4294967279,165
4294967278,323
4294967294,1421
4294967278,384
26971,6
26971,5
4294967279,160
26971,4
26971,3
26971,2
26971,1
4294967278,306
4294967278,255
4294967279,316
4294967279,153
4294967279,150
4294967279,33
4294967279,329
4294967278,144
4294967294,390
4294967279,31
4294967279,570
4294967279,141
4294967279,533
4294967278,405
4294967279,140
4294967279,139
4294967279,349
4294967278,404
4294967279,138
26968,5
26968,4
4294967278,135
26968,3
26968,2
26968,1
4294967279,134
4294967279,270
4294967279,283
4294967278,287
4294967278,402
4294967278,322
4294967279,277
4294967278,320
4294967279,302
4294967278,269
4294967279,264
4294967279,268
4294967278,268
4294967279,263
4294967278,267
4294967278,281
4294967279,261
4294967279,257
4294967294,904
4294967294,186
4294967278,265
26966,6
26966,5
4294967278,343
26966,4
4294967279,258
26966,3
26966,2
26966,1
4294967278,264
4294967279,7
4294967279,322
4294967278,360
4294967278,319
4294967278,261
4294967278,420
4294967279,267
4294967279,0
4294967278,278
4294967279,253
4294967278,258
4294967279,558
4294967278,257
4294967279,557
4294967279,556
4294967278,370
4294967279,555
4294967279,323
4294967278,369
4294967279,326
4294967278,368
4294967294,107
4294967279,554
4294967278,366
4294967279,553
4294967278,433
4294967278,310
4294967278,121
4294967279,288
4294967279,247
26963,8
4294967278,317
4294967278,118
4294967294,173
4294967294,161
4294967294,170
4294967279,360
4294967278,219
4294967279,241
4294967294,1419
4294967294,1416
4294967279,239
4294967278,238
4294967278,377
4294967279,236
4294967278,236
4294967278,234
4294967279,233
4294967278,226
4294967278,232
4294967294,437
26963,7
4294967279,231
26963,6
4294967278,230
26963,5
4294967279,229
26963,4
4294967278,228
26963,3
26963,2
26963,1
4294967279,227
4294967294,1417
4294967294,38
4294967294,37
4294967294,417
4294967279,515
4294967279,221
4294967278,218
4294967294,52
4294967294,41
4294967294,40
4294967279,217
4294967278,216
4294967278,316
4294967279,215
4294967278,214
4294967278,213
4294967279,213
4294967279,210
4294967279,212
4294967294,53
4294967294,51
4294967294,1420
4294967294,43
4294967294,970
4294967294,394
4294967294,24
4294967278,211
4294967279,211
4294967278,210
4294967294,99
4294967294,5
4294967294,50
4294967294,92
4294967294,90
4294967294,87
4294967294,86
4294967294,84
4294967294,9
4294967278,96
4294967278,373
4294967279,544
4294967279,266
4294967279,260
4294967278,207
4294967279,358
4294967278,206
4294967279,206
4294967294,903
4294967294,409
4294967294,179
4294967294,414
4294967294,397
4294967294,160
4294967294,462
4294967294,113
4294967294,949
4294967294,492
4294967278,205
4294967278,431
4294967279,205
4294967279,516
4294967278,204
4294967279,204
4294967279,203
4294967278,202
4294967279,200
4294967279,202
4294967278,201
4294967279,201
4294967278,200
4294967278,83
4294967279,199
4294967278,198
4294967278,197
4294967278,292
4294967279,197
4294967278,196
4294967279,196
4294967279,195
26959,4
4294967279,194
26959,3
26959,2
26959,1
4294967279,344
4294967278,193
4294967279,193
4294967278,192
4294967294,81
4294967278,346
4294967279,333
4294967279,190
4294967278,438
4294967279,189
4294967294,36
4294967294,39
4294967279,188
4294967278,271
4294967279,187
4294967278,186
4294967278,185
4294967278,182
4294967278,184
26958,5
4294967279,184
26958,4
26958,3
26958,2
26958,1
4294967279,183
4294967278,181
4294967279,181
4294967278,180
4294967279,180
4294967294,920
4294967278,177
4294967279,177
26956,4
4294967278,176
26956,3
26956,2
26956,1
4294967279,176
4294967294,1422
4294967278,175
4294967279,175
4294967278,173
4294967279,173
4294967278,172
26955,4
26955,3
26955,2
26955,1
4294967279,342
4294967278,398
4294967279,57
4294967294,1423
26954,6
4294967278,165
4294967279,167
4294967279,351
4294967278,426
4294967278,252
4294967279,166
26954,5
4294967278,164
26954,4
26954,3
26954,2
26954,1
4294967279,332
4294967278,162
4294967278,161
4294967278,160
26953,5
4294967294,962
4294967294,967
4294967294,176
4294967294,911
4294967294,914
4294967278,157
26953,4
26953,3
26953,2
26953,1
